0.00  -1840.00  -1840.00  -1840  -1840
0.01  -1839.98  -1839.98  -1840  -1840
0.03  -1839.88  -1839.88  -1840  -1837
0.07  -1786.06  -1892.40  -1839  -1834
0.11  -1753.30  -1922.80  -1824  -1836
0.15  -1719.20  -1953.34  -1792  -1848
0.19  -1685.40  -1982.58  -1747  -1868
0.23  -1650.26  -2011.92  -1697  -1893
0.28  -1614.61  -2040.64  -1644  -1923
0.32  -1579.33  -2068.07  -1593  -1955
0.36  -1542.70  -2095.53  -1545  -1990
0.40  -1505.60  -2122.35  -1500  -2026
0.44  -1469.83  -2147.28  -1461  -2064
0.48  -1431.83  -2172.80  -1427  -2103
0.52  -1394.30  -2197.07  -1395  -2141
0.57  -1355.44  -2221.26  -1366  -2178
0.61  -1316.15  -2244.76  -1337  -2210
0.65  -1277.41  -2267.03  -1305  -2237
0.69  -1237.33  -2289.15  -1270  -2259
0.73  -1196.86  -2310.57  -1231  -2277
0.77  -1157.01  -2330.78  -1190  -2290
0.82  -1115.83  -2350.77  -1147  -2301
0.86  -1075.29  -2369.59  -1103  -2312
0.90  -1033.44  -2388.14  -1058  -2324
0.94  -991.27  -2405.95  -1015  -2340
0.98  -950.82  -2422.22  -972  -2358
1.02  -910.10  -2437.81  -931  -2377
1.06  -870.16  -2452.35  -891  -2398
1.10  -829.98  -2466.24  -850  -2419
1.14  -788.54  -2479.80  -811  -2438
1.18  -747.93  -2492.35  -771  -2454
1.22  -706.07  -2504.53  -731  -2468
1.26  -665.06  -2515.73  -691  -2480
1.30  -622.82  -2526.52  -650  -2488
1.34  -581.46  -2536.36  -607  -2494
1.38  -539.95  -2545.52  -565  -2500
1.42  -497.23  -2554.21  -521  -2505
1.46  -455.44  -2561.99  -478  -2512
1.50  -412.45  -2569.26  -435  -2519
1.53  -369.34  -2575.81  -391  -2527
1.57  -327.22  -2581.50  -347  -2536
1.61  -283.92  -2586.62  -304  -2545
1.65  -241.63  -2590.91  -260  -2553
1.69  -198.19  -2594.59  -217  -2559
1.73  -154.69  -2597.55  -173  -2563
1.77  -112.23  -2599.73  -130  -2566
1.81  -68.66  -2601.25  -88  -2567
1.85  -29.43  -2601.99  -47  -2567
1.89  11.99  -2602.13  -7  -2567
1.92  50.14  -2601.67  31  -2567
1.96  89.36  -2600.62  70  -2567
1.99  127.48  -2599.03  109  -2567
2.03  167.74  -2596.74  150  -2567
2.07  209.05  -2593.74  191  -2567
2.10  248.14  -2590.29  232  -2567
2.14  289.34  -2586.02  273  -2567
2.18  329.38  -2581.22  314  -2567
2.22  370.42  -2575.65  355  -2567
2.25  410.30  -2569.60  396  -2567
2.29  451.14  -2562.75  436  -2567
2.33  491.88  -2555.24  477  -2566
2.37  531.42  -2547.31  517  -2563
2.40  571.90  -2538.53  557  -2557
2.44  610.11  -2529.62  597  -2549
2.48  650.30  -2519.59  637  -2539
2.52  689.27  -2509.21  677  -2527
2.55  729.12  -2497.92  717  -2516
2.59  767.74  -2486.32  756  -2503
2.63  806.18  -2474.12  795  -2490
2.67  845.46  -2460.97  834  -2477
2.70  883.50  -2447.58  872  -2464
2.74  921.33  -2433.59  910  -2450
2.78  958.93  -2419.02  948  -2436
2.81  997.31  -2403.45  985  -2422
2.85  1034.44  -2387.70  1022  -2406
2.89  1074.30  -2370.04  1060  -2390
2.93  1113.86  -2351.71  1099  -2372
2.97  1152.12  -2333.20  1137  -2353
3.01  1191.05  -2313.57  1175  -2333
3.05  1228.69  -2293.80  1214  -2313
3.09  1266.95  -2272.89  1253  -2291
3.13  1304.85  -2251.35  1292  -2269
3.17  1340.52  -2230.29  1330  -2247
3.21  1377.70  -2207.52  1369  -2225
3.25  1413.58  -2184.72  1407  -2202
3.29  1449.98  -2160.73  1445  -2179
3.33  1485.98  -2136.13  1482  -2155
3.37  1520.68  -2111.57  1518  -2131
3.41  1555.84  -2085.80  1553  -2106
3.44  1589.71  -2060.11  1587  -2079
3.48  1624.00  -2033.18  1621  -2053
3.52  1657.83  -2005.69  1654  -2025
3.56  1690.38  -1978.34  1688  -1998
3.60  1723.29  -1949.74  1721  -1969
3.64  1754.91  -1921.33  1754  -1941
3.68  1786.06  -1892.40  1787  -1912
3.72  1839.85  -1839.85  1820  -1882
3.76  1839.99  -1839.99  1855  -1849
3.80  1839.61  -1839.61  1887  -1818
3.84  1906.56  -1770.94  1914  -1792
3.88  1935.96  -1738.75  1938  -1766
3.92  1964.11  -1706.89  1963  -1737
3.96  1992.43  -1673.74  1988  -1706
4.00  2020.19  -1640.13  2015  -1673
4.04  2046.72  -1606.91  2044  -1637
4.08  2073.35  -1572.39  2073  -1601
4.12  2098.76  -1538.31  2102  -1564
4.16  2124.24  -1502.93  2132  -1526
4.20  2149.12  -1467.13  2160  -1489
4.23  2172.20  -1432.74  2186  -1452
4.27  2195.90  -1396.14  2211  -1416
4.31  2218.42  -1360.09  2234  -1380
4.35  2240.89  -1322.73  2254  -1344
4.39  2262.74  -1285.00  2273  -1308
4.43  2283.43  -1247.86  2292  -1272
4.47  2304.01  -1209.43  2310  -1236
4.51  2323.46  -1171.63  2328  -1198
4.55  2342.77  -1132.54  2346  -1161
4.59  2361.41  -1093.13  2366  -1122
4.63  2378.96  -1054.41  2386  -1082
4.67  2396.29  -1014.40  2406  -1043
4.71  2412.54  -975.12  2424  -1003
4.75  2427.75  -936.60  2442  -964
4.78  2441.98  -898.86  2458  -925
4.82  2455.61  -860.91  2473  -886
4.86  2469.01  -821.71  2486  -848
4.90  2481.44  -783.35  2498  -808
4.93  2493.60  -743.75  2509  -769
4.97  2504.83  -705.02  2520  -730
5.01  2515.73  -665.06  2530  -691
5.04  2525.47  -627.05  2540  -652
5.08  2535.13  -586.77  2550  -612
5.12  2544.15  -546.35  2560  -572
5.16  2552.31  -506.85  2569  -532
5.20  2560.06  -466.16  2578  -492
5.23  2566.97  -426.43  2586  -452
5.27  2573.44  -385.52  2593  -412
5.31  2579.10  -345.59  2600  -372
5.35  2584.28  -304.49  2605  -331
5.38  2588.57  -265.49  2610  -289
5.42  2592.38  -225.34  2614  -248
5.46  2595.64  -184.05  2617  -206
5.49  2598.18  -143.80  2620  -164
5.53  2600.14  -102.43  2621  -122
5.57  2601.41  -62.12  2622  -81
5.60  2602.05  -22.89  2623  -41
5.64  2602.11  14.17  2624  -3
5.67  2601.65  51.23  2624  34
5.71  2600.69  87.19  2624  70
5.74  2599.19  124.21  2624  108
5.77  2597.09  162.31  2624  146
5.81  2594.43  200.36  2624  183
5.84  2591.21  238.37  2624  221
5.88  2587.32  277.42  2624  258
5.92  2582.98  315.32  2624  296
5.95  2578.08  353.15  2624  334
5.99  2572.46  391.99  2624  372
6.02  2566.62  428.58  2624  411
6.06  2559.86  467.24  2624  449
6.09  2552.74  504.72  2624  487
6.13  2544.84  543.15  2622  525
6.16  2536.60  580.40  2618  563
6.20  2527.56  618.58  2610  601
6.23  2518.49  654.52  2600  639
6.27  2508.34  692.42  2588  676
6.30  2497.92  729.12  2574  714
6.34  2486.64  766.70  2561  751
6.37  2475.13  803.07  2546  788
6.41  2462.74  840.30  2533  825
6.44  2450.52  875.29  2519  861
6.48  2437.43  911.12  2506  897
6.51  2423.41  947.77  2494  934
6.55  2409.26  983.20  2481  970
6.59  2394.16  1019.42  2469  1007
6.62  2378.07  1056.40  2454  1044
6.66  2361.41  1093.13  2438  1081
6.70  2344.19  1129.59  2421  1119
6.73  2325.91  1166.76  2403  1155
6.77  2307.55  1202.67  2384  1191
6.81  2288.12  1239.24  2363  1228
6.85  2268.10  1275.51  2342  1265
6.88  2248.06  1310.50  2321  1302
6.92  2226.92  1346.12  2299  1338
6.96  2206.37  1379.55  2277  1374
7.00  2184.13  1414.49  2255  1410
7.03  2161.94  1448.17  2233  1445
7.07  2138.62  1482.40  2210  1480
7.11  2115.39  1515.36  2188  1513
7.15  2091.00  1548.84  2164  1546
7.19  2066.08  1581.93  2140  1579
7.22  2041.32  1613.76  2115  1611
7.26  2016.06  1645.20  2090  1642
7.30  1990.33  1676.25  2063  1674
7.33  1963.39  1707.72  2037  1705
7.37  1936.69  1737.94  2009  1736
7.41  1908.78  1768.54  1981  1768
7.45  1839.55  1839.55  1953  1800
7.48  1839.96  1839.96  1923  1837
7.52  1839.92  1839.92  1891  1873
7.56  1839.46  1839.46  1862  1905
7.60  1764.54  1912.48  1837  1930
7.63  1734.69  1939.60  1812  1953
7.67  1703.60  1966.97  1786  1975
7.71  1672.91  1993.13  1758  1998
7.75  1641.82  2018.82  1728  2022
7.78  1609.48  2044.70  1697  2047
7.82  1577.59  2069.39  1665  2073
7.86  1545.33  2093.60  1631  2099
7.89  1512.70  2117.29  1598  2126
7.93  1478.81  2141.10  1564  2153
7.97  1445.45  2163.76  1530  2179
8.01  1410.83  2186.50  1495  2204
8.05  1375.85  2208.68  1460  2227
8.08  1341.45  2229.73  1425  2249
8.12  1305.79  2250.80  1390  2270
8.16  1270.75  2270.77  1355  2289
8.19  1235.41  2290.19  1319  2307
8.23  1199.77  2309.06  1284  2325
8.27  1162.86  2327.86  1248  2342
8.31  1126.64  2345.61  1213  2359
8.34  1089.17  2363.24  1177  2376
8.38  1051.41  2380.28  1141  2393
8.42  1014.40  2396.29  1105  2410
8.46  976.13  2412.13  1070  2426
8.49  940.66  2426.18  1035  2443
8.53  902.95  2440.47  1000  2459
8.57  866.05  2453.81  964  2473
8.60  828.95  2466.59  929  2487
8.64  792.70  2478.47  894  2499
8.67  755.23  2490.14  859  2511
8.71  719.69  2500.65  825  2522
8.74  682.95  2510.93  791  2532
8.78  645.01  2520.94  756  2541
8.81  607.99  2530.13  721  2549
8.85  569.77  2539.01  686  2558
8.88  532.48  2547.09  651  2566
8.92  495.09  2554.62  617  2573
8.95  457.58  2561.61  582  2581
8.99  418.90  2568.21  547  2588
9.02  381.21  2574.08  513  2595
9.06  342.35  2579.53  478  2601
9.10  304.49  2584.28  443  2607
9.13  266.58  2588.46  408  2612
9.17  228.60  2592.09  374  2616
9.20  189.49  2595.24  339  2619
9.24  151.42  2597.74  304  2620
9.27  112.23  2599.73  270  2621
9.31  73.02  2601.13  236  2622
9.34  37.06  2601.89  203  2622
9.38  -1.09  2602.15  169  2622
9.41  -38.15  2601.87  134  2622
9.45  -77.38  2601.00  100  2622
9.48  -115.50  2599.59  64  2622
9.52  -153.60  2597.62  29  2622
9.55  -191.67  2595.08  -5  2622
9.59  -230.78  2591.90  -40  2622
9.62  -269.83  2588.12  -76  2622
9.66  -309.91  2583.63  -111  2622
9.70  -349.92  2578.52  -148  2622
9.74  -390.91  2572.62  -185  2622
9.77  -429.66  2566.44  -222  2622
9.81  -469.38  2559.47  -258  2621
9.85  -510.06  2551.67  -295  2620
9.88  -549.55  2543.46  -332  2617
9.92  -589.96  2534.39  -368  2610
9.96  -629.17  2524.94  -405  2599
10.00  -669.28  2514.61  -443  2587
10.03  -709.22  2503.64  -480  2574
10.07  -748.98  2492.03  -518  2560
10.11  -789.58  2479.47  -556  2546
10.15  -828.95  2466.59  -594  2532
10.19  -869.13  2452.71  -631  2518
10.23  -908.06  2438.57  -669  2504
10.27  -947.78  2423.41  -707  2490
10.30  -986.23  2408.02  -745  2476
10.34  -1024.43  2392.02  -783  2461
10.38  -1064.36  2374.52  -822  2446
10.42  -1103.01  2356.81  -861  2429
10.46  -1142.34  2338.00  -900  2410
10.50  -1179.41  2319.52  -938  2390
10.54  -1218.11  2299.44  -977  2369
10.58  -1256.46  2278.71  -1016  2347
10.62  -1294.46  2257.34  -1056  2324
10.66  -1333.04  2234.77  -1095  2301
10.70  -1370.29  2212.12  -1135  2277
10.74  -1408.08  2188.27  -1175  2253
10.78  -1445.45  2163.76  -1215  2228
10.82  -1481.50  2139.24  -1254  2204
10.86  -1518.02  2113.48  -1294  2178
10.90  -1554.09  2087.10  -1334  2152
10.94  -1588.84  2060.77  -1374  2124
10.98  -1624.00  2033.18  -1413  2097
11.02  -1657.84  2005.69  -1453  2068
11.07  -1692.04  1976.92  -1493  2039
11.11  -1725.74  1947.57  -1533  2009
11.15  -1758.13  1918.38  -1572  1979
11.19  -1790.81  1887.91  -1612  1949
11.23  -1839.91  1839.91  -1652  1917
11.27  -1839.95  1839.95  -1692  1884
11.31  -1839.46  1839.46  -1732  1854
11.35  -1913.96  1762.94  -1772  1829
11.39  -1943.96  1729.81  -1811  1802
11.43  -1972.67  1696.99  -1851  1772
11.47  -2001.52  1662.87  -1891  1738
11.51  -2029.78  1628.25  -1930  1703
11.55  -2056.78  1594.01  -1970  1665
11.59  -2083.85  1558.45  -2010  1625
11.63  -2109.67  1523.32  -2049  1587
11.67  -2134.89  1487.76  -2087  1548
11.71  -2160.13  1450.88  -2120  1510
11.75  -2184.13  1414.49  -2150  1473
11.79  -2208.10  1376.77  -2174  1435
11.84  -2231.42  1338.64  -2194  1398
11.88  -2253.53  1301.07  -2210  1361
11.92  -2275.55  1262.18  -2224  1324
11.96  -2296.37  1223.88  -2237  1286
12.00  -2317.05  1184.26  -2251  1247
12.04  -2337.05  1144.29  -2269  1208
12.08  -2355.43  1105.96  -2289  1167
12.12  -2374.07  1065.35  -2312  1127
12.16  -2391.59  1025.42  -2335  1086
12.20  -2408.85  984.20  -2359  1046
12.24  -2425.00  943.70  -2380  1006
12.28  -2440.09  903.97  -2400  966
12.32  -2454.53  863.99  -2417  927
12.36  -2467.97  824.81  -2431  887
12.39  -2481.12  784.38  -2442  846
12.43  -2493.60  743.75  -2452  806
12.47  -2505.12  703.96  -2460  765
12.51  -2516.29  662.95  -2468  724
12.55  -2526.52  622.81  -2476  682
12.59  -2536.11  582.52  -2484  641
12.62  -2545.06  542.08  -2493  599
12.66  -2553.58  500.43  -2504  558
12.70  -2561.41  458.65  -2514  516
12.74  -2568.39  417.82  -2525  475
12.78  -2574.87  375.81  -2535  433
12.82  -2580.53  334.78  -2543  391
12.86  -2585.65  292.58  -2550  348
12.89  -2589.98  251.39  -2555  306
12.93  -2593.74  209.05  -2557  264
12.97  -2596.74  167.74  -2558  222
13.01  -2599.08  126.38  -2558  178
13.05  -2600.80  83.91  -2558  137
13.09  -2601.79  43.59  -2558  95
13.12  -2602.15  3.27  -2558  56
13.16  -2601.92  -34.88  -2558  14
13.20  -2601.03  -76.29  -2558  -27
13.23  -2599.44  -118.77  -2558  -71
13.27  -2597.15  -161.22  -2558  -115
13.31  -2594.09  -204.71  -2558  -160
13.35  -2590.29  -248.14  -2558  -204
13.39  -2585.65  -292.59  -2558  -248
13.44  -2580.24  -336.95  -2558  -292
13.48  -2574.24  -380.13  -2558  -336
13.52  -2567.33  -424.29  -2558  -380
13.56  -2559.86  -467.24  -2558  -424
13.60  -2551.46  -511.13  -2557  -467
13.64  -2542.31  -554.88  -2557  -510
13.68  -2532.65  -597.39  -2556  -553
13.72  -2522.02  -640.80  -2552  -596
13.76  -2510.93  -682.96  -2542  -640
13.80  -2498.83  -725.98  -2528  -684
13.84  -2485.99  -768.79  -2511  -727
13.88  -2472.76  -810.33  -2493  -770
13.92  -2458.48  -852.68  -2474  -815
13.96  -2443.85  -893.75  -2456  -857
14.00  -2428.54  -934.57  -2440  -900
14.04  -2412.13  -976.14  -2425  -941
14.08  -2395.43  -1016.41  -2411  -984
14.12  -2377.63  -1057.40  -2398  -1026
14.17  -2357.73  -1101.04  -2383  -1067
14.21  -2338.48  -1141.37  -2367  -1108
14.25  -2317.54  -1183.30  -2348  -1150
14.30  -2295.34  -1225.81  -2326  -1192
14.34  -2273.95  -1265.05  -2302  -1233
14.38  -2250.80  -1305.80  -2276  -1274
14.42  -2227.48  -1345.19  -2250  -1316
14.47  -2202.89  -1385.09  -2223  -1356
14.51  -2177.58  -1424.55  -2198  -1399
14.55  -2152.19  -1462.63  -2172  -1440
14.59  -2125.49  -1501.16  -2147  -1480
14.64  -2098.11  -1539.20  -2122  -1519
14.68  -2070.71  -1575.87  -2095  -1556
14.72  -2041.99  -1612.91  -2068  -1593
14.76  -2012.61  -1649.43  -2040  -1628
14.81  -1983.28  -1684.58  -2011  -1664
14.85  -1952.62  -1720.02  -1980  -1698
14.89  -1922.06  -1754.11  -1949  -1733
14.93  -1890.90  -1787.65  -1916  -1768
14.98  -1839.91  -1839.91  -1883  -1803
15.02  -1839.95  -1839.95  -1847  -1840
