86 15.00 9.00
87 29.00 22.00
88 37.00 30.00
89 41.00 37.00
90 43.00 40.00
91 44.00 44.00
92 46.00 45.00
93 46.00 48.00
94 47.00 49.00
95 49.00 51.00
96 52.00 52.00
97 53.00 53.00
98 55.00 53.00
99 58.00 54.00
100 60.00 56.00
101 62.00 57.00
102 64.00 58.00
103 65.00 59.00
104 65.00 60.00
105 67.00 62.00
106 68.00 62.00
107 69.00 64.00
108 70.00 63.00
109 71.00 63.00
110 73.00 64.00
111 74.00 66.00
112 75.00 69.00
113 75.00 70.00
114 75.00 71.00
115 76.00 72.00
116 77.00 72.00
117 77.00 73.00
118 78.00 74.00
119 78.00 74.00
120 78.00 74.00
121 77.00 75.00
122 76.00 76.00
123 77.00 77.00
124 77.00 78.00
125 79.00 80.00
126 81.00 82.00
127 83.00 84.00
128 86.00 85.00
129 87.00 86.00
130 87.00 88.00
131 90.00 88.00
132 88.00 90.00
133 89.00 88.00
134 89.00 89.00
135 88.00 89.00
136 89.00 89.00
137 89.00 89.00
138 91.00 88.00
139 92.00 89.00
140 93.00 89.00
141 93.00 89.00
142 94.00 89.00
143 93.00 88.00
144 94.00 89.00
145 94.00 89.00
146 93.00 88.00
147 93.00 89.00
148 95.00 91.00
149 97.00 95.00
150 99.00 100.00
151 101.00 102.00
152 103.00 103.00
153 103.00 104.00
154 104.00 105.00
155 105.00 105.00
156 106.00 105.00
157 106.00 106.00
158 105.00 107.00
159 104.00 107.00
160 104.00 107.00
161 104.00 106.00
162 104.00 105.00
163 105.00 104.00
164 105.00 104.00
165 104.00 105.00
166 105.00 105.00
167 104.00 106.00
168 107.00 109.00
169 108.00 112.00
170 112.00 114.00
