86 16.00 10.00
87 31.00 25.00
88 37.00 31.00
89 39.00 37.00
90 41.00 41.00
91 42.00 44.00
92 43.00 46.00
93 46.00 48.00
94 47.00 49.00
95 49.00 51.00
96 51.00 53.00
97 53.00 54.00
98 55.00 55.00
99 57.00 56.00
100 59.00 57.00
101 60.00 58.00
102 61.00 58.00
103 62.00 60.00
104 63.00 61.00
105 64.00 62.00
106 65.00 63.00
107 65.00 65.00
108 68.00 65.00
109 69.00 65.00
110 70.00 66.00
111 71.00 69.00
112 72.00 70.00
113 72.00 72.00
114 73.00 72.00
115 73.00 73.00
116 74.00 74.00
117 75.00 75.00
118 76.00 76.00
119 75.00 76.00
120 75.00 76.00
121 74.00 76.00
122 75.00 78.00
123 75.00 78.00
124 75.00 80.00
125 77.00 82.00
126 79.00 84.00
127 81.00 85.00
128 84.00 86.00
129 85.00 86.00
130 85.00 88.00
131 86.00 88.00
132 86.00 89.00
133 87.00 88.00
134 88.00 90.00
135 90.00 89.00
136 91.00 89.00
137 91.00 89.00
138 91.00 89.00
139 91.00 89.00
140 91.00 88.00
141 91.00 89.00
142 91.00 89.00
143 92.00 89.00
144 92.00 90.00
145 92.00 92.00
146 91.00 94.00
147 91.00 96.00
148 92.00 99.00
149 94.00 101.00
150 97.00 102.00
151 99.00 103.00
152 100.00 104.00
153 102.00 105.00
154 103.00 105.00
155 103.00 106.00
156 105.00 107.00
157 105.00 107.00
158 105.00 108.00
159 104.00 109.00
160 104.00 108.00
161 103.00 107.00
162 104.00 106.00
163 104.00 106.00
164 105.00 106.00
165 104.00 107.00
166 104.00 108.00
167 104.00 111.00
168 105.00 112.00
169 107.00 114.00
170 109.00 116.00
