0 0.00 0.00
1 0.00 0.00
2 0.00 0.00
3 0.00 0.00
4 0.00 0.00
5 0.00 0.00
6 0.00 0.00
7 0.00 0.00
8 0.00 0.00
9 0.00 0.00
10 0.00 0.00
11 0.00 0.00
12 0.00 0.00
13 0.00 0.00
14 0.00 0.00
15 0.00 0.00
16 0.00 0.00
17 0.00 0.00
18 0.00 0.00
19 0.00 0.00
20 0.00 0.00
21 0.00 0.00
22 0.00 0.00
23 0.00 0.00
24 0.00 0.00
25 0.00 0.00
26 0.00 0.00
27 0.00 0.00
28 0.00 0.00
29 0.00 0.00
30 0.00 0.00
31 0.00 0.00
32 0.00 0.00
33 0.00 0.00
34 0.00 0.00
35 0.00 0.00
36 0.00 0.00
37 0.00 0.00
38 0.00 0.00
39 0.00 0.00
40 1.00 0.00
41 0.00 0.00
42 0.00 0.00
43 0.00 0.00
44 0.00 0.00
45 1.00 0.00
46 2.00 0.00
47 2.00 0.00
48 3.00 0.00
49 3.00 0.00
50 1.00 0.00
51 1.00 0.00
52 1.00 0.00
53 0.00 0.00
54 1.00 0.00
55 1.00 0.00
56 0.00 0.00
57 1.00 0.00
58 0.00 0.00
59 1.00 0.00
60 1.00 0.00
61 1.00 0.00
62 1.00 0.00
63 2.00 1.00
64 2.00 0.00
65 2.00 0.00
66 2.00 0.00
67 3.00 0.00
68 4.00 0.00
69 4.00 0.00
70 4.00 0.00
71 6.00 0.00
72 6.00 0.00
73 6.00 0.00
74 7.00 0.00
75 8.00 0.00
76 8.00 0.00
77 8.00 0.00
78 8.00 0.00
79 9.00 1.00
80 10.00 1.00
81 10.00 3.00
82 10.00 3.00
83 10.00 4.00
84 11.00 6.00
85 12.00 7.00
86 12.00 8.00
87 12.00 9.00
88 12.00 10.00
89 13.00 11.00
90 13.00 12.00
91 13.00 13.00
92 14.00 13.00
93 15.00 14.00
94 15.00 15.00
95 15.00 15.00
96 16.00 15.00
97 16.00 17.00
98 17.00 16.00
99 17.00 17.00
100 17.00 18.00
101 18.00 18.00
102 19.00 18.00
103 20.00 19.00
104 20.00 19.00
105 20.00 20.00
106 21.00 20.00
107 21.00 20.00
108 22.00 21.00
109 22.00 21.00
110 22.00 21.00
111 23.00 22.00
112 23.00 22.00
113 24.00 23.00
114 24.00 23.00
115 25.00 24.00
116 25.00 24.00
117 26.00 24.00
118 26.00 24.00
119 26.00 25.00
120 27.00 25.00
121 27.00 25.00
122 27.00 26.00
123 27.00 26.00
124 28.00 26.00
125 28.00 27.00
126 28.00 28.00
127 29.00 28.00
128 29.00 28.00
129 29.00 29.00
130 29.00 29.00
131 29.00 29.00
132 30.00 29.00
133 30.00 29.00
134 30.00 30.00
135 30.00 30.00
136 31.00 31.00
137 31.00 31.00
138 32.00 31.00
139 31.00 31.00
140 33.00 31.00
141 33.00 32.00
142 32.00 32.00
143 33.00 32.00
144 32.00 33.00
145 33.00 33.00
146 33.00 34.00
147 33.00 34.00
148 34.00 34.00
149 34.00 34.00
150 34.00 35.00
151 34.00 35.00
152 34.00 35.00
153 34.00 35.00
154 35.00 36.00
155 35.00 35.00
156 35.00 36.00
157 35.00 36.00
158 35.00 36.00
159 35.00 36.00
160 35.00 36.00
161 35.00 36.00
162 35.00 36.00
163 36.00 37.00
164 35.00 37.00
165 36.00 37.00
166 36.00 37.00
167 36.00 37.00
168 36.00 37.00
169 36.00 38.00
170 37.00 38.00
171 37.00 38.00
172 38.00 39.00
173 38.00 40.00
174 38.00 40.00
175 38.00 40.00
176 39.00 40.00
177 39.00 40.00
178 39.00 41.00
179 40.00 41.00
180 39.00 41.00
181 40.00 41.00
182 39.00 41.00
183 39.00 41.00
184 40.00 42.00
185 40.00 42.00
186 41.00 42.00
187 40.00 42.00
188 40.00 42.00
189 41.00 41.00
190 41.00 42.00
191 41.00 42.00
192 41.00 42.00
193 41.00 43.00
194 42.00 43.00
195 41.00 43.00
196 42.00 42.00
197 42.00 43.00
198 41.00 43.00
199 41.00 44.00
200 42.00 44.00
201 42.00 43.00
202 42.00 43.00
203 42.00 44.00
204 42.00 44.00
205 43.00 44.00
206 42.00 44.00
207 43.00 44.00
208 42.00 44.00
209 43.00 43.00
210 43.00 43.00
211 42.00 44.00
212 43.00 44.00
213 43.00 44.00
214 42.00 44.00
215 43.00 44.00
216 42.00 44.00
217 42.00 45.00
218 43.00 45.00
219 43.00 45.00
220 44.00 46.00
221 43.00 46.00
222 43.00 47.00
223 44.00 46.00
224 45.00 47.00
225 45.00 47.00
226 45.00 46.00
227 45.00 47.00
228 45.00 47.00
229 45.00 48.00
230 45.00 48.00
231 46.00 48.00
232 46.00 47.00
233 45.00 48.00
234 45.00 48.00
235 46.00 47.00
236 46.00 48.00
237 47.00 49.00
238 47.00 49.00
239 47.00 49.00
240 46.00 48.00
241 46.00 49.00
242 46.00 49.00
243 47.00 48.00
244 46.00 49.00
245 46.00 49.00
246 47.00 48.00
247 46.00 49.00
248 47.00 49.00
249 47.00 50.00
250 47.00 50.00
251 48.00 51.00
252 49.00 51.00
253 49.00 52.00
254 49.00 52.00
