0 0.00 0.00
1 0.00 0.00
2 0.00 0.00
3 0.00 0.00
4 0.00 0.00
5 0.00 0.00
6 0.00 0.00
7 0.00 0.00
8 0.00 0.00
9 0.00 0.00
10 0.00 0.00
11 0.00 0.00
12 0.00 0.00
13 0.00 0.00
14 0.00 0.00
15 0.00 0.00
16 0.00 0.00
17 0.00 0.00
18 0.00 0.00
19 0.00 0.00
20 0.00 0.00
21 0.00 0.00
22 0.00 0.00
23 0.00 0.00
24 0.00 0.00
25 0.00 0.00
26 0.00 0.00
27 0.00 0.00
28 0.00 0.00
29 0.00 0.00
30 0.00 0.00
31 0.00 0.00
32 0.00 0.00
33 1.00 0.00
34 0.00 0.00
35 0.00 0.00
36 0.00 0.00
37 0.00 0.00
38 0.00 0.00
39 0.00 0.00
40 1.00 0.00
41 1.00 0.00
42 2.00 0.00
43 2.00 0.00
44 3.00 0.00
45 2.00 0.00
46 2.00 0.00
47 1.00 0.00
48 0.00 0.00
49 0.00 0.00
50 0.00 0.00
51 0.00 0.00
52 0.00 0.00
53 0.00 0.00
54 0.00 0.00
55 0.00 0.00
56 0.00 0.00
57 0.00 0.00
58 0.00 1.00
59 0.00 0.00
60 0.00 0.00
61 0.00 0.00
62 1.00 0.00
63 1.00 0.00
64 1.00 0.00
65 1.00 0.00
66 1.00 0.00
67 2.00 0.00
68 2.00 0.00
69 2.00 0.00
70 3.00 0.00
71 4.00 1.00
72 4.00 2.00
73 5.00 2.00
74 6.00 3.00
75 7.00 5.00
76 7.00 5.00
77 7.00 6.00
78 8.00 6.00
79 9.00 8.00
80 9.00 7.00
81 9.00 8.00
82 9.00 9.00
83 10.00 9.00
84 10.00 10.00
85 10.00 10.00
86 11.00 11.00
87 11.00 11.00
88 12.00 13.00
89 12.00 12.00
90 12.00 13.00
91 13.00 13.00
92 14.00 14.00
93 13.00 14.00
94 14.00 15.00
95 14.00 16.00
96 15.00 16.00
97 15.00 16.00
98 16.00 17.00
99 16.00 17.00
100 16.00 17.00
101 17.00 17.00
102 17.00 18.00
103 18.00 18.00
104 18.00 19.00
105 18.00 19.00
106 19.00 20.00
107 19.00 20.00
108 20.00 21.00
109 21.00 21.00
110 21.00 21.00
111 21.00 21.00
112 21.00 21.00
113 22.00 21.00
114 22.00 22.00
115 23.00 23.00
116 23.00 23.00
117 24.00 23.00
118 23.00 23.00
119 24.00 24.00
120 24.00 24.00
121 24.00 25.00
122 25.00 25.00
123 25.00 25.00
124 25.00 25.00
125 26.00 26.00
126 26.00 26.00
127 27.00 26.00
128 27.00 27.00
129 27.00 27.00
130 28.00 27.00
131 28.00 28.00
132 28.00 28.00
133 28.00 28.00
134 28.00 29.00
135 29.00 28.00
136 29.00 29.00
137 30.00 29.00
138 30.00 29.00
139 30.00 29.00
140 30.00 30.00
141 30.00 31.00
142 30.00 31.00
143 30.00 31.00
144 31.00 32.00
145 31.00 32.00
146 31.00 32.00
147 32.00 33.00
148 31.00 33.00
149 32.00 33.00
150 32.00 33.00
151 32.00 34.00
152 32.00 34.00
153 33.00 33.00
154 33.00 34.00
155 33.00 34.00
156 33.00 35.00
157 33.00 35.00
158 34.00 35.00
159 33.00 35.00
160 34.00 35.00
161 33.00 35.00
162 34.00 35.00
163 34.00 35.00
164 34.00 36.00
165 34.00 36.00
166 34.00 36.00
167 34.00 36.00
168 34.00 36.00
169 35.00 36.00
170 34.00 36.00
171 35.00 37.00
172 35.00 37.00
173 35.00 37.00
174 36.00 38.00
175 36.00 39.00
176 36.00 39.00
177 37.00 39.00
178 37.00 39.00
179 37.00 40.00
180 37.00 40.00
181 38.00 40.00
182 38.00 40.00
183 38.00 40.00
184 38.00 40.00
185 38.00 40.00
186 38.00 40.00
187 39.00 41.00
188 38.00 41.00
189 39.00 41.00
190 39.00 41.00
191 39.00 41.00
192 39.00 40.00
193 39.00 41.00
194 40.00 41.00
195 39.00 41.00
196 40.00 42.00
197 40.00 42.00
198 40.00 42.00
199 40.00 42.00
200 40.00 41.00
201 40.00 42.00
202 40.00 42.00
203 40.00 42.00
204 40.00 43.00
205 41.00 42.00
206 40.00 42.00
207 40.00 43.00
208 41.00 42.00
209 41.00 42.00
210 41.00 42.00
211 42.00 42.00
212 41.00 42.00
213 41.00 42.00
214 42.00 42.00
215 41.00 42.00
216 41.00 43.00
217 41.00 43.00
218 41.00 43.00
219 42.00 43.00
220 41.00 43.00
221 41.00 44.00
222 41.00 44.00
223 42.00 45.00
224 42.00 46.00
225 42.00 45.00
226 43.00 46.00
227 43.00 46.00
228 43.00 45.00
229 43.00 46.00
230 44.00 46.00
231 44.00 45.00
232 45.00 46.00
233 44.00 46.00
234 45.00 46.00
235 45.00 46.00
236 45.00 47.00
237 45.00 47.00
238 45.00 47.00
239 45.00 46.00
240 45.00 46.00
241 45.00 47.00
242 46.00 46.00
243 46.00 47.00
244 45.00 48.00
245 45.00 48.00
246 46.00 48.00
247 46.00 49.00
248 46.00 49.00
249 46.00 49.00
250 46.00 49.00
251 47.00 50.00
252 47.00 50.00
253 48.00 50.00
254 48.00 51.00
