86 14.00 10.00
87 29.00 23.00
88 35.00 32.00
89 40.00 37.00
90 42.00 41.00
91 44.00 45.00
92 45.00 47.00
93 47.00 49.00
94 48.00 50.00
95 50.00 52.00
96 52.00 54.00
97 54.00 54.00
98 56.00 55.00
99 59.00 57.00
100 61.00 58.00
101 63.00 59.00
102 64.00 60.00
103 64.00 61.00
104 65.00 62.00
105 66.00 63.00
106 67.00 65.00
107 69.00 65.00
108 70.00 66.00
109 71.00 66.00
110 73.00 67.00
111 73.00 69.00
112 74.00 71.00
113 74.00 73.00
114 74.00 73.00
115 75.00 74.00
116 76.00 74.00
117 76.00 75.00
118 77.00 75.00
119 76.00 75.00
120 77.00 76.00
121 77.00 77.00
122 76.00 78.00
123 76.00 79.00
124 77.00 80.00
125 80.00 82.00
126 82.00 84.00
127 84.00 86.00
128 86.00 87.00
129 87.00 88.00
130 87.00 90.00
131 90.00 88.00
132 89.00 89.00
133 88.00 88.00
134 89.00 89.00
135 89.00 89.00
136 91.00 90.00
137 92.00 91.00
138 92.00 93.00
139 92.00 94.00
140 92.00 93.00
141 94.00 93.00
142 93.00 93.00
143 94.00 93.00
144 93.00 94.00
145 93.00 95.00
146 92.00 96.00
147 93.00 99.00
148 95.00 101.00
149 97.00 102.00
150 100.00 103.00
151 101.00 104.00
152 103.00 106.00
153 103.00 106.00
154 103.00 106.00
155 105.00 106.00
156 106.00 107.00
157 104.00 108.00
158 104.00 109.00
159 104.00 108.00
160 103.00 106.00
161 105.00 105.00
162 104.00 105.00
163 104.00 106.00
164 105.00 106.00
165 103.00 108.00
166 104.00 110.00
167 105.00 112.00
168 107.00 115.00
169 109.00 116.00
170 111.00 117.00
