0 0.00 0.00
1 0.00 0.00
2 0.00 0.00
3 0.00 0.00
4 0.00 0.00
5 0.00 0.00
6 0.00 0.00
7 0.00 0.00
8 0.00 0.00
9 0.00 0.00
10 0.00 0.00
11 0.00 0.00
12 0.00 0.00
13 0.00 0.00
14 0.00 0.00
15 0.00 0.00
16 0.00 0.00
17 0.00 0.00
18 0.00 0.00
19 0.00 0.00
20 0.00 0.00
21 0.00 0.00
22 0.00 0.00
23 0.00 0.00
24 0.00 0.00
25 0.00 0.00
26 0.00 0.00
27 0.00 0.00
28 0.00 0.00
29 0.00 0.00
30 0.00 0.00
31 0.00 0.00
32 0.00 0.00
33 0.00 0.00
34 0.00 0.00
35 0.00 0.00
36 1.00 0.00
37 0.00 0.00
38 0.00 0.00
39 0.00 0.00
40 2.00 0.00
41 2.00 0.00
42 2.00 0.00
43 2.00 0.00
44 1.00 0.00
45 1.00 0.00
46 1.00 0.00
47 0.00 0.00
48 1.00 0.00
49 0.00 0.00
50 0.00 0.00
51 0.00 0.00
52 1.00 0.00
53 0.00 0.00
54 0.00 1.00
55 0.00 0.00
56 0.00 0.00
57 0.00 0.00
58 0.00 0.00
59 0.00 0.00
60 0.00 0.00
61 0.00 0.00
62 0.00 0.00
63 0.00 0.00
64 0.00 0.00
65 1.00 0.00
66 2.00 0.00
67 2.00 0.00
68 3.00 0.00
69 3.00 0.00
70 4.00 0.00
71 5.00 1.00
72 6.00 2.00
73 6.00 3.00
74 7.00 3.00
75 7.00 4.00
76 7.00 5.00
77 9.00 6.00
78 9.00 6.00
79 9.00 8.00
80 10.00 8.00
81 10.00 9.00
82 10.00 9.00
83 10.00 11.00
84 11.00 11.00
85 12.00 11.00
86 12.00 12.00
87 12.00 12.00
88 13.00 13.00
89 14.00 14.00
90 13.00 14.00
91 13.00 15.00
92 14.00 15.00
93 15.00 15.00
94 15.00 16.00
95 16.00 17.00
96 16.00 17.00
97 16.00 17.00
98 16.00 18.00
99 17.00 18.00
100 18.00 19.00
101 18.00 19.00
102 18.00 19.00
103 19.00 19.00
104 20.00 20.00
105 20.00 20.00
106 20.00 21.00
107 21.00 21.00
108 22.00 21.00
109 22.00 22.00
110 22.00 22.00
111 23.00 22.00
112 24.00 23.00
113 24.00 24.00
114 24.00 24.00
115 24.00 24.00
116 25.00 25.00
117 25.00 25.00
118 25.00 25.00
119 26.00 25.00
120 26.00 25.00
121 26.00 26.00
122 26.00 26.00
123 27.00 26.00
124 27.00 27.00
125 27.00 28.00
126 28.00 28.00
127 28.00 28.00
128 28.00 28.00
129 29.00 29.00
130 29.00 29.00
131 29.00 30.00
132 30.00 30.00
133 29.00 30.00
134 30.00 30.00
135 30.00 31.00
136 31.00 31.00
137 31.00 31.00
138 32.00 32.00
139 32.00 32.00
140 32.00 32.00
141 32.00 32.00
142 33.00 33.00
143 32.00 33.00
144 32.00 33.00
145 33.00 33.00
146 32.00 34.00
147 33.00 34.00
148 33.00 35.00
149 33.00 35.00
150 34.00 35.00
151 33.00 35.00
152 34.00 35.00
153 34.00 36.00
154 34.00 36.00
155 34.00 36.00
156 35.00 35.00
157 35.00 36.00
158 34.00 36.00
159 35.00 36.00
160 34.00 36.00
161 35.00 37.00
162 35.00 37.00
163 34.00 37.00
164 35.00 37.00
165 35.00 38.00
166 35.00 38.00
167 35.00 38.00
168 36.00 38.00
169 36.00 39.00
170 36.00 39.00
171 36.00 40.00
172 37.00 40.00
173 37.00 40.00
174 38.00 40.00
175 38.00 40.00
176 38.00 41.00
177 39.00 41.00
178 39.00 41.00
179 38.00 42.00
180 39.00 42.00
181 39.00 42.00
182 39.00 41.00
183 40.00 42.00
184 39.00 42.00
185 40.00 43.00
186 39.00 42.00
187 40.00 42.00
188 40.00 42.00
189 40.00 42.00
190 40.00 42.00
191 40.00 43.00
192 41.00 43.00
193 41.00 43.00
194 40.00 43.00
195 40.00 43.00
196 40.00 43.00
197 40.00 44.00
198 40.00 44.00
199 40.00 43.00
200 41.00 44.00
201 41.00 44.00
202 41.00 43.00
203 41.00 44.00
204 42.00 44.00
205 41.00 44.00
206 42.00 44.00
207 42.00 44.00
208 41.00 45.00
209 42.00 45.00
210 42.00 45.00
211 42.00 45.00
212 42.00 45.00
213 42.00 45.00
214 42.00 45.00
215 42.00 45.00
216 41.00 46.00
217 41.00 46.00
218 41.00 47.00
219 42.00 46.00
220 43.00 47.00
221 43.00 47.00
222 43.00 47.00
223 44.00 47.00
224 44.00 47.00
225 44.00 47.00
226 44.00 48.00
227 45.00 48.00
228 45.00 47.00
229 45.00 47.00
230 45.00 48.00
231 45.00 48.00
232 45.00 47.00
233 46.00 48.00
234 45.00 48.00
235 46.00 49.00
236 46.00 49.00
237 46.00 49.00
238 46.00 48.00
239 46.00 49.00
240 46.00 48.00
241 46.00 49.00
242 46.00 48.00
243 46.00 48.00
244 46.00 48.00
245 45.00 49.00
246 45.00 49.00
247 46.00 49.00
248 46.00 49.00
249 47.00 50.00
250 47.00 50.00
251 47.00 51.00
252 48.00 51.00
253 48.00 52.00
254 48.00 52.00
