0 0.00 0.00
1 0.00 0.00
2 0.00 0.00
3 0.00 0.00
4 0.00 0.00
5 0.00 0.00
6 0.00 0.00
7 0.00 0.00
8 0.00 0.00
9 0.00 0.00
10 0.00 0.00
11 0.00 0.00
12 0.00 0.00
13 0.00 0.00
14 0.00 0.00
15 0.00 0.00
16 0.00 0.00
17 0.00 0.00
18 0.00 0.00
19 0.00 0.00
20 0.00 0.00
21 0.00 0.00
22 0.00 0.00
23 0.00 0.00
24 0.00 0.00
25 0.00 0.00
26 0.00 0.00
27 0.00 0.00
28 0.00 0.00
29 0.00 0.00
30 0.00 0.00
31 0.00 0.00
32 0.00 0.00
33 0.00 0.00
34 0.00 0.00
35 0.00 0.00
36 0.00 0.00
37 0.00 0.00
38 1.00 0.00
39 1.00 0.00
40 2.00 0.00
41 2.00 0.00
42 1.00 0.00
43 1.00 0.00
44 0.00 0.00
45 0.00 0.00
46 0.00 0.00
47 0.00 0.00
48 0.00 0.00
49 0.00 0.00
50 0.00 0.00
51 0.00 0.00
52 0.00 1.00
53 0.00 0.00
54 0.00 0.00
55 0.00 0.00
56 0.00 0.00
57 0.00 0.00
58 0.00 0.00
59 1.00 0.00
60 0.00 0.00
61 1.00 0.00
62 0.00 0.00
63 1.00 0.00
64 2.00 0.00
65 1.00 0.00
66 3.00 0.00
67 2.00 0.00
68 3.00 2.00
69 3.00 2.00
70 4.00 2.00
71 4.00 3.00
72 6.00 5.00
73 6.00 5.00
74 7.00 5.00
75 8.00 6.00
76 8.00 7.00
77 8.00 7.00
78 9.00 8.00
79 9.00 8.00
80 9.00 8.00
81 10.00 9.00
82 10.00 10.00
83 11.00 11.00
84 11.00 11.00
85 11.00 12.00
86 12.00 12.00
87 12.00 13.00
88 12.00 13.00
89 12.00 13.00
90 13.00 13.00
91 14.00 14.00
92 14.00 15.00
93 14.00 15.00
94 14.00 16.00
95 15.00 16.00
96 15.00 16.00
97 15.00 17.00
98 16.00 17.00
99 16.00 17.00
100 17.00 18.00
101 18.00 19.00
102 18.00 18.00
103 18.00 19.00
104 19.00 19.00
105 20.00 20.00
106 20.00 20.00
107 20.00 21.00
108 21.00 21.00
109 22.00 21.00
110 22.00 21.00
111 22.00 22.00
112 23.00 23.00
113 24.00 23.00
114 24.00 23.00
115 24.00 23.00
116 25.00 24.00
117 25.00 24.00
118 26.00 25.00
119 26.00 25.00
120 26.00 25.00
121 26.00 26.00
122 26.00 26.00
123 27.00 26.00
124 27.00 27.00
125 28.00 27.00
126 28.00 28.00
127 28.00 27.00
128 29.00 28.00
129 29.00 28.00
130 28.00 29.00
131 29.00 28.00
132 29.00 29.00
133 30.00 29.00
134 30.00 30.00
135 31.00 31.00
136 31.00 31.00
137 31.00 31.00
138 31.00 31.00
139 31.00 32.00
140 32.00 31.00
141 32.00 32.00
142 33.00 32.00
143 33.00 32.00
144 32.00 32.00
145 33.00 33.00
146 32.00 33.00
147 33.00 33.00
148 33.00 33.00
149 33.00 34.00
150 34.00 35.00
151 33.00 35.00
152 34.00 35.00
153 33.00 35.00
154 34.00 35.00
155 34.00 35.00
156 35.00 35.00
157 35.00 36.00
158 34.00 36.00
159 34.00 37.00
160 35.00 36.00
161 34.00 37.00
162 35.00 37.00
163 35.00 37.00
164 34.00 38.00
165 35.00 38.00
166 36.00 39.00
167 35.00 38.00
168 35.00 39.00
169 36.00 39.00
170 36.00 39.00
171 36.00 39.00
172 37.00 40.00
173 37.00 40.00
174 37.00 40.00
175 38.00 41.00
176 38.00 41.00
177 39.00 41.00
178 38.00 41.00
179 39.00 41.00
180 39.00 41.00
181 39.00 41.00
182 39.00 41.00
183 39.00 42.00
184 40.00 42.00
185 39.00 42.00
186 40.00 42.00
187 39.00 42.00
188 40.00 42.00
189 40.00 42.00
190 40.00 43.00
191 40.00 43.00
192 40.00 43.00
193 40.00 43.00
194 41.00 43.00
195 41.00 44.00
196 41.00 43.00
197 41.00 43.00
198 41.00 43.00
199 41.00 43.00
200 42.00 43.00
201 41.00 43.00
202 41.00 43.00
203 41.00 43.00
204 42.00 43.00
205 41.00 43.00
206 42.00 44.00
207 42.00 44.00
208 42.00 44.00
209 42.00 45.00
210 42.00 45.00
211 42.00 45.00
212 42.00 45.00
213 42.00 45.00
214 42.00 45.00
215 42.00 46.00
216 42.00 46.00
217 42.00 46.00
218 43.00 46.00
219 42.00 46.00
220 43.00 46.00
221 43.00 47.00
222 43.00 47.00
223 43.00 47.00
224 44.00 47.00
225 44.00 47.00
226 45.00 47.00
227 45.00 47.00
228 45.00 47.00
229 45.00 47.00
230 45.00 47.00
231 46.00 47.00
232 45.00 48.00
233 46.00 48.00
234 45.00 48.00
235 45.00 49.00
236 46.00 48.00
237 46.00 48.00
238 47.00 49.00
239 47.00 49.00
240 47.00 48.00
241 46.00 48.00
242 46.00 48.00
243 47.00 48.00
244 46.00 48.00
245 47.00 48.00
246 46.00 48.00
247 47.00 48.00
248 46.00 49.00
249 47.00 49.00
250 47.00 50.00
251 48.00 51.00
252 48.00 51.00
253 48.00 52.00
254 49.00 52.00
