
0.00  160.00  0.00  2.00
0.00  160.00  0.00  2.00
0.01  160.00  0.00  2.00
0.01  160.00  0.00  2.00
0.04  160.00  0.00  2.00
0.07  160.00  0.00  2.00
0.10  160.00  0.00  2.00
0.12  160.00  0.00  2.00
0.15  160.00  0.00  2.00
0.18  160.00  0.00  2.00
0.20  160.00  0.00  2.00
0.23  160.00  0.00  2.00
0.26  160.00  0.00  2.00
0.29  160.00  0.00  2.00
0.31  160.00  0.00  2.00
0.34  160.00  0.00  2.00
0.37  160.00  0.00  2.00
0.39  160.00  0.00  2.00
0.42  160.00  0.00  2.00
0.45  160.00  0.00  2.00
0.48  160.00  0.00  2.00
0.50  160.00  0.00  2.00
0.53  160.00  0.00  2.00
0.56  160.00  0.00  2.00
0.58  160.00  0.00  2.00
0.61  160.00  0.00  2.00
0.64  160.00  0.00  2.00
0.67  160.00  0.00  2.00
0.69  160.00  0.00  2.00
0.72  160.00  0.00  2.00
0.75  160.00  0.00  2.00
0.77  160.00  0.00  2.00
0.80  160.00  0.00  2.00
0.83  160.00  0.00  2.00
0.85  160.00  0.00  2.00
0.88  160.00  0.00  2.00
0.91  160.00  0.00  2.00
0.93  160.00  0.00  2.00
0.96  160.00  0.00  2.00
0.99  160.00  0.00  2.00
1.02  160.00  0.00  2.00
1.04  160.00  0.00  2.00
1.07  160.00  0.00  2.00
1.10  160.00  0.00  2.00
1.12  160.00  0.00  2.00
1.15  160.00  0.00  2.00
1.18  160.00  0.00  2.00
1.20  160.00  0.00  2.00
1.23  160.00  0.00  2.00
1.26  160.00  0.00  2.00
1.28  160.00  0.00  2.00
1.31  160.00  0.00  2.00
1.34  160.00  0.00  2.00
1.37  160.00  0.00  2.00
1.39  160.00  0.00  2.00
1.42  160.00  0.00  2.00
1.45  160.00  0.00  2.00
1.47  160.00  0.00  2.00
1.50  160.00  0.00  2.00
1.53  160.00  0.00  2.00
1.55  160.00  0.00  2.00
1.58  160.00  0.00  2.00
1.61  153.53  0.00  2.00
1.64  138.05  0.00  2.00
1.66  123.06  0.00  2.00
1.69  108.58  0.00  2.00
1.72  94.59  0.00  2.00
1.74  81.59  0.00  2.00
1.77  70.09  0.00  2.00
1.79  -60.91  0.00  2.00
1.82  -69.91  0.00  2.00
1.85  -75.41  0.00  2.00
1.87  -77.92  0.00  2.00
1.90  -77.42  0.00  2.00
1.93  -75.93  0.00  2.00
1.96  -72.93  0.00  2.00
1.98  -69.93  0.00  2.00
2.01  -65.93  0.00  2.00
2.04  -62.44  0.00  2.00
2.06  61.57  0.00  2.00
2.09  63.57  0.00  2.00
2.11  64.07  0.00  2.00
2.14  63.07  0.00  2.00
2.17  61.57  0.00  2.00
2.19  -60.43  0.00  2.00
