
12.94  60.05  60.05  0.00
12.94  60.20  60.20  0.00
12.94  60.35  60.35  0.00
12.96  61.00  61.00  0.00
12.98  62.30  62.35  -1.00
13.01  63.62  63.85  -3.00
13.04  64.98  65.30  -3.00
13.07  66.07  66.70  -5.00
13.10  67.05  68.20  -7.00
13.13  67.91  69.65  -9.00
13.16  68.66  71.10  -11.01
13.19  69.32  72.60  -13.01
13.22  69.90  74.15  -15.01
13.25  70.64  75.65  -16.01
13.28  71.31  77.15  -17.01
13.31  72.30  78.65  -17.02
13.34  72.92  80.20  -18.02
13.37  74.28  81.65  -17.02
13.40  75.73  83.15  -16.03
13.43  76.78  84.70  -16.03
13.46  78.29  86.15  -15.03
13.49  79.93  87.70  -14.03
13.52  81.00  89.20  -14.03
13.55  82.73  90.75  -13.04
13.58  85.09  92.20  -11.04
13.61  86.97  93.75  -10.04
13.64  88.17  95.25  -10.04
13.67  90.84  96.75  -8.04
13.70  91.29  98.20  -9.04
13.73  93.27  99.65  -8.04
13.76  94.53  101.15  -8.05
13.79  95.74  102.60  -8.05
13.82  96.16  104.15  -9.05
13.85  98.30  105.65  -8.05
13.88  99.56  107.15  -8.05
13.91  98.87  108.65  -10.05
13.94  99.95  110.00  -10.05
13.97  100.95  110.00  -9.05
14.00  100.94  110.00  -9.06
14.03  100.94  110.00  -9.06
14.06  101.94  110.00  -8.06
14.09  102.94  110.00  -7.06
14.13  102.94  110.00  -7.06
14.16  103.94  110.00  -6.06
14.19  105.94  110.00  -4.06
14.22  106.94  110.00  -3.06
14.25  106.94  110.00  -3.06
14.28  107.94  110.00  -2.06
14.31  109.94  110.00  -0.06
14.34  110.94  110.00  0.94
14.37  110.94  110.00  0.94
14.40  112.94  110.00  2.94
14.43  112.94  110.00  2.94
14.46  113.94  110.00  3.94
14.49  114.94  110.00  4.94
14.53  115.94  110.00  5.94
14.55  115.94  110.00  5.94
14.59  115.94  110.00  5.94
14.62  114.94  110.00  4.94
14.65  113.94  110.00  3.94
14.68  112.94  110.00  2.94
14.71  112.94  110.00  2.94
14.74  112.94  110.00  2.94
14.77  112.94  110.00  2.94
14.80  113.95  110.00  3.95
14.83  114.95  110.00  4.95
14.86  114.95  110.00  4.95
14.89  113.95  110.00  3.95
14.92  112.95  110.00  2.95
14.95  111.95  110.00  1.95
14.98  111.95  110.00  1.95
15.01  111.95  110.00  1.95
15.04  111.95  110.00  1.95
15.07  111.95  110.00  1.95
15.10  111.95  110.00  1.95
15.13  111.95  110.00  1.95
15.16  110.95  110.00  0.95
15.19  110.95  110.00  0.95
15.22  110.95  110.00  0.95
15.25  110.95  110.00  0.95
15.28  111.95  110.00  1.95
15.31  110.95  110.00  0.95
15.34  111.95  110.00  1.95
15.37  111.95  110.00  1.95
15.40  111.95  110.00  1.95
15.43  112.95  110.00  2.95
15.46  112.95  110.00  2.95
15.49  114.95  110.00  4.95
15.52  113.95  110.00  3.95
15.55  113.95  110.00  3.95
15.58  113.96  110.00  3.96
15.61  113.96  110.00  3.96
15.64  113.96  110.00  3.96
15.67  112.96  110.00  2.96
15.70  112.96  110.00  2.96
15.73  112.96  110.00  2.96
15.76  111.96  110.00  1.96
15.79  112.96  110.00  2.96
15.82  112.96  110.00  2.96
15.85  111.96  110.00  1.96
15.88  111.96  110.00  1.96
15.91  111.96  110.00  1.96
15.94  111.96  110.00  1.96
15.97  111.96  110.00  1.96
16.10  113.96  110.00  3.96
16.10  113.96  110.00  3.96
16.11  113.96  110.00  3.96
16.12  113.96  110.00  3.96
16.15  113.96  110.00  3.96
16.18  113.96  110.00  3.96
16.21  114.97  110.00  4.97
16.24  115.97  110.00  5.97
16.27  115.97  110.00  5.97
16.30  114.97  110.00  4.97
16.33  114.97  110.00  4.97
16.37  114.97  110.00  4.97
16.39  113.97  110.00  3.97
16.42  113.97  110.00  3.97
16.45  112.97  110.00  2.97
16.48  112.97  110.00  2.97
16.51  111.97  110.00  1.97
16.54  111.97  110.00  1.97
16.58  111.97  110.00  1.97
16.60  110.97  110.00  0.97
16.64  110.97  110.00  0.97
16.67  110.97  110.00  0.97
16.70  110.97  110.00  0.97
16.73  109.97  110.00  -0.03
16.76  109.97  110.00  -0.03
16.79  110.97  110.00  0.97
16.82  110.97  110.00  0.97
16.85  111.97  110.00  1.97
16.88  111.97  110.00  1.97
16.91  110.97  110.00  0.97
16.94  111.97  110.00  1.97
16.97  111.97  110.00  1.97
17.00  110.98  110.00  0.98
17.03  109.98  110.00  -0.02
17.06  108.97  110.00  -1.03
17.09  108.97  110.00  -1.03
17.12  107.97  110.00  -2.03
17.15  106.97  110.00  -3.03
17.18  106.97  110.00  -3.03
17.21  105.97  110.00  -4.03
17.25  105.97  110.00  -4.03
17.28  104.97  110.00  -5.03
17.31  104.97  110.00  -5.03
17.34  106.97  110.00  -3.03
17.37  106.97  110.00  -3.03
17.40  105.97  110.00  -4.03
17.43  105.97  110.00  -4.03
17.46  106.97  110.00  -3.03
17.50  107.97  110.00  -2.03
17.53  108.97  110.00  -1.03
17.56  108.97  110.00  -1.03
17.59  109.97  110.00  -0.03
17.62  110.97  110.00  0.97
17.65  112.97  110.00  2.97
17.68  113.97  110.00  3.97
17.71  114.97  110.00  4.97
17.74  116.97  110.00  6.97
17.77  115.97  110.00  5.97
17.80  115.97  110.00  5.97
17.83  114.97  110.00  4.97
17.86  110.78  104.81  5.97
17.89  95.09  90.12  4.97
17.92  82.50  77.52  4.98
17.95  69.60  65.62  3.98
17.98  69.56  -65.58  3.98
18.00  74.96  -73.98  0.98
18.03  71.16  -78.19  -7.02
18.06  -63.54  -77.49  -21.03
18.10  -77.64  -75.39  -33.03
18.13  -90.54  -70.50  -41.04
18.16  -100.15  -64.90  -45.05
18.19  -103.65  61.40  -45.05
18.23  -93.46  65.60  -39.06
18.26  -80.46  65.60  -26.06
18.29  -65.86  64.21  -10.07
18.32  69.34  61.41  7.94
18.35  83.73  -62.79  20.94
18.38  89.84  -64.90  24.94
18.41  85.14  -64.20  20.95
18.44  74.74  -62.80  11.95
18.47  -60.05  60.00  -0.05
18.47  60.05  -60.05  0.00
18.47  60.20  -60.20  0.00
18.48  60.40  -60.40  0.00
18.49  61.17  -61.15  1.00
18.52  62.76  -62.60  3.00
18.55  64.62  -64.05  7.00
18.58  66.71  -65.50  11.00
18.61  69.02  -67.05  14.01
18.64  71.22  -68.50  16.01
18.67  73.87  -70.05  19.01
18.70  76.17  -71.55  20.01
18.73  78.61  -73.00  21.02
18.76  80.96  -74.55  22.02
18.79  83.12  -76.05  22.02
18.82  85.00  -77.60  21.03
18.85  86.68  -79.05  20.03
18.88  88.03  -80.60  18.03
18.91  89.63  -82.10  17.03
18.94  91.17  -83.60  16.04
18.97  92.65  -85.10  15.04
19.00  94.13  -86.65  14.04
19.03  96.06  -88.15  14.04
19.06  97.39  -89.60  13.05
19.09  99.28  -91.15  13.05
19.12  101.17  -92.65  13.05
19.15  103.13  -94.20  13.05
19.18  104.37  -95.75  12.05
19.21  106.36  -97.35  12.06
19.25  107.50  -98.90  11.06
19.28  108.59  -100.45  10.06
19.31  108.83  -102.05  8.06
19.34  111.56  -103.65  9.06
19.37  111.58  -105.20  7.06
19.40  114.29  -106.75  8.06
19.43  114.16  -108.30  6.06
19.46  115.95  -109.90  6.07
19.50  116.07  -110.00  6.07
19.53  116.07  -110.00  6.07
19.56  115.07  -110.00  5.07
19.59  114.07  -110.00  4.07
19.62  114.07  -110.00  4.07
19.65  114.07  -110.00  4.07
19.68  114.07  -110.00  4.07
19.71  113.07  -110.00  3.07
19.74  113.07  -110.00  3.07
19.78  112.07  -110.00  2.07
19.81  112.07  -110.00  2.07
19.84  112.07  -110.00  2.07
19.87  112.07  -110.00  2.07
19.90  112.07  -110.00  2.07
19.93  112.07  -110.00  2.07
19.96  112.07  -110.00  2.07
19.99  113.07  -110.00  3.07
20.02  113.07  -110.00  3.07
20.06  113.08  -110.00  3.08
20.09  114.08  -110.00  4.08
20.12  114.08  -110.00  4.08
20.15  114.08  -110.00  4.08
20.18  114.08  -110.00  4.08
20.21  116.08  -110.00  6.08
20.24  116.08  -110.00  6.08
20.27  115.08  -110.00  5.08
20.30  115.08  -110.00  5.08
20.34  115.08  -110.00  5.08
20.37  114.08  -110.00  4.08
20.40  114.08  -110.00  4.08
20.43  113.08  -110.00  3.08
20.46  113.08  -110.00  3.08
20.49  112.08  -110.00  2.08
20.52  112.08  -110.00  2.08
20.55  112.08  -110.00  2.08
20.58  112.09  -110.00  2.09
20.62  113.09  -110.00  3.09
20.65  112.09  -110.00  2.09
20.68  112.09  -110.00  2.09
20.71  112.09  -110.00  2.09
20.74  113.09  -110.00  3.09
20.77  113.09  -110.00  3.09
20.80  113.09  -110.00  3.09
20.83  113.09  -110.00  3.09
20.87  113.09  -110.00  3.09
20.90  112.09  -110.00  2.09
20.93  112.09  -110.00  2.09
20.96  111.09  -110.00  1.09
20.99  110.09  -110.00  0.09
21.02  111.09  -110.00  1.09
21.05  110.09  -110.00  0.09
21.08  111.09  -110.00  1.09
21.11  111.09  -110.00  1.09
21.14  110.09  -110.00  0.09
21.18  111.09  -110.00  1.09
21.21  111.09  -110.00  1.09
21.24  111.09  -110.00  1.09
21.27  112.09  -110.00  2.09
21.30  112.09  -110.00  2.09
21.33  112.09  -110.00  2.09
21.36  112.09  -110.00  2.09
21.39  112.09  -110.00  2.09
21.43  113.09  -110.00  3.09
21.46  113.09  -110.00  3.09
21.49  114.09  -110.00  4.09
21.52  114.09  -110.00  4.09
21.55  114.10  -110.00  4.10
21.58  114.10  -110.00  4.10
21.61  114.10  -110.00  4.10
21.64  116.10  -110.00  6.10
21.67  116.10  -110.00  6.10
21.71  116.10  -110.00  6.10
21.74  116.10  -110.00  6.10
21.77  117.10  -110.00  7.10
21.80  118.10  -110.00  8.10
21.83  118.10  -110.00  8.10
21.86  118.10  -110.00  8.10
21.89  118.11  -110.00  8.11
21.92  117.11  -110.00  7.11
21.96  118.11  -110.00  8.11
21.99  118.11  -110.00  8.11
22.02  117.11  -110.00  7.11
22.05  117.11  -110.00  7.11
22.08  116.11  -110.00  6.11
22.11  117.11  -110.00  7.11
22.14  117.12  -110.00  7.12
22.17  117.12  -110.00  7.12
22.20  118.12  -110.00  8.12
22.24  118.12  -110.00  8.12
22.27  117.12  -110.00  7.12
22.30  117.12  -110.00  7.12
22.33  117.12  -110.00  7.12
22.36  116.12  -110.00  6.12
22.39  116.12  -110.00  6.12
22.42  115.12  -110.00  5.12
22.45  114.13  -110.00  4.13
22.49  114.13  -110.00  4.13
22.52  114.13  -110.00  4.13
22.55  114.13  -110.00  4.13
22.58  114.13  -110.00  4.13
22.61  114.13  -110.00  4.13
22.64  114.13  -110.00  4.13
22.67  114.13  -110.00  4.13
22.70  115.13  -110.00  5.13
22.73  114.13  -110.00  4.13
22.76  115.13  -110.00  5.13
22.80  115.13  -110.00  5.13
22.83  115.13  -110.00  5.13
22.86  115.13  -110.00  5.13
22.89  115.13  -110.00  5.13
22.92  114.14  -110.00  4.14
22.95  114.14  -110.00  4.14
22.98  113.14  -110.00  3.14
23.01  113.14  -110.00  3.14
23.04  113.14  -110.00  3.14
23.08  112.14  -110.00  2.14
23.11  113.14  -110.00  3.14
23.14  113.14  -110.00  3.14
23.17  112.14  -110.00  2.14
23.20  112.14  -110.00  2.14
23.23  112.14  -110.00  2.14
23.26  112.14  -110.00  2.14
23.29  112.14  -110.00  2.14
23.32  112.14  -110.00  2.14
23.36  113.14  -110.00  3.14
23.39  112.14  -110.00  2.14
23.42  111.14  -110.00  1.14
23.45  111.14  -110.00  1.14
23.48  110.14  -110.00  0.14
23.51  110.14  -110.00  0.14
23.54  110.14  -110.00  0.14
23.57  110.14  -110.00  0.14
23.60  111.14  -110.00  1.14
23.64  110.14  -110.00  0.14
23.67  111.14  -110.00  1.14
23.70  111.14  -110.00  1.14
23.73  111.14  -110.00  1.14
23.76  112.14  -110.00  2.14
23.79  112.14  -110.00  2.14
23.82  112.14  -110.00  2.14
23.85  113.14  -110.00  3.14
23.89  113.14  -110.00  3.14
23.92  114.14  -110.00  4.14
23.95  113.15  -110.00  3.15
23.98  113.15  -110.00  3.15
24.01  112.15  -110.00  2.15
24.04  111.15  -110.00  1.15
24.07  110.15  -110.00  0.15
24.10  110.15  -110.00  0.15
24.13  109.15  -110.00  -0.85
24.17  111.15  -110.00  1.15
24.20  112.15  -110.00  2.15
24.23  111.15  -110.00  1.15
24.26  113.15  -110.00  3.15
24.29  113.15  -110.00  3.15
24.32  113.15  -110.00  3.15
24.35  113.15  -110.00  3.15
24.38  114.15  -110.00  4.15
24.42  113.15  -110.00  3.15
24.45  114.15  -110.00  4.15
24.48  114.15  -110.00  4.15
24.51  112.06  -106.91  5.15
24.54  94.27  -90.12  4.15
24.57  80.57  -75.42  5.15
24.60  64.87  -60.72  4.15
24.60  -60.05  -60.05  -1.00
24.60  -60.20  -60.20  -1.00
24.60  -60.37  -60.35  -3.00
24.62  -61.71  -61.40  -11.00
24.66  -64.09  -63.05  -17.00
24.69  -66.70  -64.65  -22.01
24.72  -69.45  -66.30  -25.01
24.75  -71.93  -67.85  -26.02
24.79  -74.25  -69.50  -25.02
24.82  -76.66  -71.10  -25.02
24.85  -78.88  -72.75  -24.03
24.88  -80.89  -74.30  -23.03
24.91  -82.98  -75.90  -22.03
24.95  -84.93  -77.55  -21.04
24.98  -86.51  -79.15  -19.04
25.01  -88.24  -80.75  -18.04
25.04  -89.52  -82.35  -16.05
25.07  -90.74  -84.00  -14.05
25.11  -92.79  -85.60  -14.05
25.14  -93.76  -87.20  -12.05
25.17  -94.02  -88.80  -9.05
25.20  -95.30  -90.40  -8.06
25.23  -95.82  -91.95  -6.06
25.26  -96.22  -93.50  -4.06
25.30  -96.49  -95.05  -2.06
25.33  -96.69  -96.65  -0.06
25.36  -97.43  -98.15  0.94
25.39  -98.16  -99.70  1.94
25.42  -99.60  -101.20  1.94
25.45  -100.28  -102.80  2.94
25.48  -101.74  -104.35  2.94
25.51  -103.29  -105.95  2.94
25.55  -103.84  -107.60  3.95
25.58  -105.36  -109.20  3.95
25.61  -106.05  -110.00  3.95
25.64  -106.05  -110.00  3.95
25.67  -107.05  -110.00  2.95
25.71  -107.05  -110.00  2.95
25.74  -109.05  -110.00  0.95
25.77  -108.05  -110.00  1.95
25.80  -109.05  -110.00  0.95
25.83  -110.05  -110.00  -0.05
25.87  -111.05  -110.00  -1.05
25.90  -111.05  -110.00  -1.05
25.93  -112.05  -110.00  -2.05
25.97  -112.05  -110.00  -2.05
26.00  -112.05  -110.00  -2.05
26.03  -113.05  -110.00  -3.05
26.07  -112.05  -110.00  -2.05
26.10  -113.05  -110.00  -3.05
26.13  -112.05  -110.00  -2.05
26.17  -113.05  -110.00  -3.05
26.20  -112.06  -110.00  -2.06
26.23  -112.06  -110.00  -2.06
26.27  -111.06  -110.00  -1.06
26.30  -111.06  -110.00  -1.06
26.33  -110.06  -110.00  -0.06
26.37  -110.06  -110.00  -0.06
26.40  -109.06  -110.00  0.94
26.43  -108.06  -110.00  1.94
26.46  -108.05  -110.00  1.95
26.50  -108.05  -110.00  1.95
26.53  -108.05  -110.00  1.95
26.56  -107.05  -110.00  2.95
26.59  -108.05  -110.00  1.95
26.63  -108.05  -110.00  1.95
26.66  -108.05  -110.00  1.95
26.69  -108.05  -110.00  1.95
26.72  -109.05  -110.00  0.95
26.75  -109.05  -110.00  0.95
26.79  -110.05  -110.00  -0.05
26.82  -111.05  -110.00  -1.05
26.85  -110.05  -110.00  -0.05
26.89  -111.05  -110.00  -1.05
26.92  -112.05  -110.00  -2.05
26.95  -113.05  -110.00  -3.05
26.99  -114.05  -110.00  -4.05
27.02  -115.05  -110.00  -5.05
27.05  -116.06  -110.00  -6.06
27.09  -116.06  -110.00  -6.06
27.12  -116.06  -110.00  -6.06
27.15  -116.06  -110.00  -6.06
27.19  -116.06  -110.00  -6.06
27.22  -116.06  -110.00  -6.06
27.25  -116.06  -110.00  -6.06
27.29  -115.06  -110.00  -5.06
27.32  -115.06  -110.00  -5.06
27.35  -115.06  -110.00  -5.06
27.39  -114.07  -110.00  -4.07
27.52  -115.07  -110.00  -5.07
27.52  -115.07  -110.00  -5.07
27.53  -115.07  -110.00  -5.07
27.55  -115.07  -110.00  -5.07
27.59  -115.07  -110.00  -5.07
27.62  -115.07  -110.00  -5.07
27.65  -115.07  -110.00  -5.07
27.69  -115.07  -110.00  -5.07
27.72  -114.07  -110.00  -4.07
27.75  -114.07  -110.00  -4.07
27.79  -114.07  -110.00  -4.07
27.82  -113.08  -110.00  -3.08
27.85  -112.08  -110.00  -2.08
27.89  -112.08  -110.00  -2.08
27.92  -112.08  -110.00  -2.08
27.95  -113.08  -110.00  -3.08
27.99  -113.08  -110.00  -3.08
28.02  -113.08  -110.00  -3.08
28.05  -112.08  -110.00  -2.08
28.09  -113.08  -110.00  -3.08
28.12  -113.08  -110.00  -3.08
28.15  -113.08  -110.00  -3.08
28.19  -113.08  -110.00  -3.08
28.22  -113.08  -110.00  -3.08
28.25  -113.08  -110.00  -3.08
28.29  -113.08  -110.00  -3.08
28.32  -113.08  -110.00  -3.08
28.35  -113.08  -110.00  -3.08
28.38  -113.08  -110.00  -3.08
28.42  -112.08  -110.00  -2.08
28.45  -112.08  -110.00  -2.08
28.49  -111.08  -110.00  -1.08
28.52  -111.08  -110.00  -1.08
28.55  -111.08  -110.00  -1.08
28.58  -110.08  -110.00  -0.08
28.62  -109.08  -110.00  0.92
28.65  -108.08  -110.00  1.92
28.68  -107.08  -110.00  2.92
28.71  -107.08  -110.00  2.92
28.75  -106.08  -110.00  3.92
28.78  -107.08  -110.00  2.92
28.81  -107.08  -110.00  2.92
28.84  -107.08  -110.00  2.92
28.88  -107.08  -110.00  2.92
28.91  -108.08  -110.00  1.92
28.94  -109.08  -110.00  0.92
28.97  -105.99  -106.91  0.92
29.01  -90.90  -90.82  -0.08
29.04  -76.50  -75.42  -1.08
29.07  -61.80  -60.72  -1.08
29.07  -60.05  60.05  0.00
29.07  -60.20  60.20  1.00
29.07  -60.38  60.35  2.00
29.09  -60.99  61.10  5.00
29.12  -62.13  62.60  9.00
29.15  -63.16  64.05  11.00
29.18  -64.44  65.55  10.00
29.21  -65.78  67.05  9.01
29.24  -67.48  68.50  6.01
29.26  -69.15  69.95  4.01
29.29  -71.17  71.40  1.01
29.32  -73.16  72.90  -0.99
29.35  -75.26  74.40  -2.99
29.38  -77.49  75.90  -4.99
29.41  -79.49  77.40  -5.99
29.44  -81.60  78.95  -7.00
29.47  -83.66  80.40  -8.00
29.50  -85.90  81.90  -9.00
29.53  -87.67  83.45  -9.00
29.56  -89.38  84.90  -9.00
29.59  -91.21  86.45  -9.00
29.62  -92.42  87.95  -8.00
29.65  -93.63  89.50  -7.00
29.68  -95.29  90.95  -7.01
29.71  -96.40  92.50  -6.01
29.75  -96.72  94.00  -4.01
29.77  -97.64  95.50  -3.01
29.80  -99.23  97.00  -3.01
29.83  -100.05  98.50  -2.01
29.87  -101.71  100.10  -2.01
29.90  -103.32  101.65  -2.01
29.93  -104.17  103.30  -1.01
29.96  -105.81  104.90  -1.01
29.99  -106.56  106.55  -0.01
30.03  -108.11  108.10  -0.01
30.06  -108.76  109.75  0.99
30.09  -109.01  110.00  0.99
30.12  -108.01  110.00  1.99
30.15  -108.01  110.00  1.99
30.18  -107.01  110.00  2.99
30.22  -107.01  110.00  2.99
30.25  -107.01  110.00  2.99
30.28  -107.01  110.00  2.99
30.31  -107.01  110.00  2.99
30.34  -108.01  110.00  1.99
30.37  -108.01  110.00  1.99
30.40  -109.01  110.00  0.99
30.43  -109.00  110.00  1.00
30.46  -108.00  110.00  2.00
30.49  -108.00  110.00  2.00
30.53  -109.00  110.00  1.00
30.56  -110.00  110.00  -0.00
30.59  -110.00  110.00  -0.00
30.62  -111.00  110.00  -1.00
30.65  -112.00  110.00  -2.00
30.69  -113.01  110.00  -3.01
30.72  -113.01  110.00  -3.01
30.75  -113.01  110.00  -3.01
30.78  -113.01  110.00  -3.01
30.82  -114.01  110.00  -4.01
30.85  -114.01  110.00  -4.01
30.88  -114.01  110.00  -4.01
30.91  -113.01  110.00  -3.01
30.94  -114.01  110.00  -4.01
30.98  -113.01  110.00  -3.01
31.01  -113.01  110.00  -3.01
31.04  -113.01  110.00  -3.01
31.07  -113.01  110.00  -3.01
31.11  -112.01  110.00  -2.01
31.14  -113.01  110.00  -3.01
31.17  -113.01  110.00  -3.01
31.20  -112.01  110.00  -2.01
31.23  -112.01  110.00  -2.01
31.27  -112.01  110.00  -2.01
31.30  -111.01  110.00  -1.01
31.33  -111.01  110.00  -1.01
31.36  -112.01  110.00  -2.01
31.39  -112.01  110.00  -2.01
31.43  -111.01  110.00  -1.01
31.46  -111.02  110.00  -1.02
31.49  -112.02  110.00  -2.02
31.52  -111.02  110.00  -1.02
31.55  -111.02  110.00  -1.02
31.59  -111.02  110.00  -1.02
31.62  -111.02  110.00  -1.02
31.65  -111.02  110.00  -1.02
31.68  -111.02  110.00  -1.02
31.72  -111.02  110.00  -1.02
31.75  -111.02  110.00  -1.02
31.78  -111.02  110.00  -1.02
31.81  -111.02  110.00  -1.02
31.84  -110.02  110.00  -0.02
31.88  -109.02  110.00  0.98
31.91  -108.02  110.00  1.98
31.94  -108.02  110.00  1.98
31.97  -107.02  110.00  2.98
32.00  -107.02  110.00  2.98
32.03  -106.01  110.00  3.99
32.06  -106.01  110.00  3.99
32.09  -105.01  110.00  4.99
32.13  -105.01  110.00  4.99
32.16  -106.01  110.00  3.99
32.19  -106.01  110.00  3.99
32.22  -105.01  110.00  4.99
32.25  -106.01  110.00  3.99
32.28  -106.01  110.00  3.99
32.31  -107.01  110.00  2.99
32.34  -107.01  110.00  2.99
32.37  -108.01  110.00  1.99
32.41  -109.01  110.00  0.99
32.44  -110.01  110.00  -0.01
32.47  -110.01  110.00  -0.01
32.50  -111.01  110.00  -1.01
32.53  -110.01  110.00  -0.01
32.57  -110.01  110.00  -0.01
32.60  -111.01  110.00  -1.01
32.63  -111.01  110.00  -1.01
32.66  -112.01  110.00  -2.01
32.70  -110.01  110.00  -0.01
32.73  -109.01  110.00  0.99
32.76  -109.01  110.00  0.99
32.79  -107.01  110.00  2.99
32.82  -107.01  110.00  2.99
32.85  -106.01  110.00  3.99
32.88  -105.01  110.00  4.99
32.91  -105.01  110.00  4.99
32.95  -106.00  110.00  4.00
32.98  -107.00  110.00  3.00
33.01  -106.00  110.00  4.00
33.04  -106.00  110.00  4.00
33.07  -107.00  110.00  3.00
33.10  -106.00  110.00  4.00
33.13  -106.00  110.00  4.00
33.16  -107.00  110.00  3.00
33.20  -107.00  110.00  3.00
33.23  -107.00  110.00  3.00
33.26  -107.00  110.00  3.00
33.29  -107.00  110.00  3.00
33.32  -108.00  110.00  2.00
33.35  -108.00  110.00  2.00
33.38  -109.00  110.00  1.00
33.41  -111.00  110.00  -1.00
33.44  -112.00  110.00  -2.00
33.48  -113.00  110.00  -3.00
33.51  -112.00  110.00  -2.00
33.54  -114.00  110.00  -4.00
33.57  -114.00  110.00  -4.00
33.61  -114.00  110.00  -4.00
33.64  -114.00  110.00  -4.00
33.67  -114.00  110.00  -4.00
33.70  -112.00  110.00  -2.00
33.73  -112.00  110.00  -2.00
33.77  -111.00  110.00  -1.00
33.80  -111.00  110.00  -1.00
33.83  -110.00  110.00  -0.00
33.86  -110.00  110.00  -0.00
33.90  -109.00  110.00  1.00
33.93  -108.00  110.00  2.00
33.96  -108.00  110.00  2.00
33.99  -107.00  110.00  3.00
34.02  -107.00  110.00  3.00
34.05  -107.00  110.00  3.00
34.08  -107.00  110.00  3.00
34.11  -107.00  110.00  3.00
34.14  -106.00  110.00  4.00
34.18  -106.00  110.00  4.00
34.21  -106.00  110.00  4.00
34.24  -107.00  110.00  3.00
34.27  -107.00  110.00  3.00
34.30  -108.00  110.00  2.00
34.33  -108.00  110.00  2.00
34.36  -107.00  110.00  3.00
34.39  -108.00  110.00  2.00
34.43  -108.00  110.00  2.00
34.46  -108.00  110.00  2.00
34.49  -108.00  110.00  2.00
34.52  -108.00  110.00  2.00
34.55  -107.99  110.00  2.01
34.58  -107.99  110.00  2.01
34.61  -107.99  110.00  2.01
34.64  -107.99  110.00  2.01
34.67  -106.99  110.00  3.01
34.70  -106.99  110.00  3.01
34.74  -106.99  110.00  3.01
34.77  -105.99  110.00  4.01
34.80  -106.99  110.00  3.01
34.83  -105.99  110.00  4.01
34.86  -105.99  110.00  4.01
34.89  -105.99  110.00  4.01
34.92  -105.99  110.00  4.01
34.95  -104.99  110.00  5.01
34.99  -104.99  110.00  5.01
35.02  -104.99  110.00  5.01
35.05  -105.99  110.00  4.01
35.08  -104.99  110.00  5.01
35.11  -104.98  110.00  5.02
35.14  -104.98  110.00  5.02
35.17  -105.98  110.00  4.02
35.20  -102.19  106.21  4.02
35.23  -88.40  89.42  1.02
35.26  -75.40  75.42  0.02
35.29  -63.10  62.12  -0.98
35.32  -70.76  -69.78  -0.98
35.35  -76.87  -78.89  2.02
35.38  -71.37  -82.39  11.02
35.41  63.33  -81.70  25.02
35.44  80.83  -78.20  39.03
35.47  95.43  -72.60  48.04
35.50  103.73  -66.30  50.04
35.54  110.03  -60.00  50.04
